12
16
2
1
18
2
11
1
18
2
1
17
17
4
9
3
12
18
7
18
10
1
15
6
17
20
10
20
16
16
20
15
14
5
3
15
10
11
11
15
12
1
11
18
9
3
20
12
19
7
12
6
10
6
2
19
14
4
7
9
11
3
8
8
9
9
5
7
10
17
19
8
7
17
10
17
6
11
10
15
16
4
19
19
19
9
8
19
20
17
10
12
7
3
10
12
14
9
6
12
17
20
9
8
7
3
9
15
16
6
13
13
16
10
1
10
19
2
11
15
10
5
20
19
16
1
9
16
17
2
16
5
15
5
7
5
1
6
2
12
3
17
2
2
2
10
16
1
11
15
8
14
8
13
17
13
6
11
5
3
18
2
3
5
20
3
4
2
9
7
8
2
11
16
1
7
3
11
19
8
16
6
9
12
2
6
8
16
13
7
8
12
1
4
20
7
7
16
5
19
1
18
17
10
9
4
4
14
9
20
8
6
12
3
13
4
16
11
13
20
1
12
10
8
2
16
8
18
11
5
12
18
11
14
6
1
1
11
3
16
20
5
13
14
9
17
5
6
13
12
5
7
6
15
1
17
7
15
10
6
20
1
8
11
18
20
10
17
6
9
18
18
14
6
9
13
14
16
12
11
19
17
3
4
1
19
14
5
13
7
20
16
4
10
4
18
20
12
12
6
14
6
11
6
19
6
12
7
14
12
3
5
16
6
2
15
16
4
9
1
16
11
15
15
4
9
13
6
4
19
20
6
16
6
6
10
15
12
8
5
16
17
15
14
12
4
1
5
12
18
11
7
20
16
9
17
7
2
11
14
1
4
12
19
14
15
16
17
17
13
14
13
14
9
8
3
11
6
17
5
5
2
4
13
18
8
13
17
4
10
19
7
14
5
18
13
17
9
11
8
6
15
17
5
1
13
19
2
7
14
3
3
18
4
14
12
12
16
4
9
20
10
15
7
6
5
17
1
2
13
16
20
20
9
11
10
12
14
1
12
7
12
16
19
9
12
19
12
18
19
13
1
17
2
1
13
8
17
13
12
1
17
9
9
18
11
20
8
15
16
15
14
13
19
7
10
16
6
18
17
2
12
3
17
17
12
13
11
1
11
15
4
13
3
7
8
19
5
4
7
14
20
19
14
16
9
11
11
17
13
13
6
10
6
7
11
13
12
15
2
20
3
4
3
17
15
17
16
16
13
17
14
5
11
1
2
10
12
11
9
19
12
10
11
19
5
18
3
3
15
12
17
18
17
11
6
16
15
9
9
7
5
3
16
8
10
8
19
13
8
1
19
12
1
6
1
14
15
17
3
10
19
6
15
4
2
5
9
1
19
20
15
16
19
18
3
16
12
4
12
12
19
14
2
7
11
20
10
9
14
8
15
9
19
10
16
16
4
4
4
7
9
15
20
18
7
1
2
16
3
10
12
13
10
20
15
4
18
17
15
16
6
3
15
13
17
18
2
9
12
15
10
3
17
1
9
6
16
6
6
10
12
14
15
1
12
5
2
13
14
5
8
13
3
3
20
13
2
8
20
19
1
10
6
15
4
18
1
6
8
1
20
19
16
14
12
12
12
11
5
14
9
3
10
6
11
11
2
13
17
1
17
17
9
4
11
16
15
4
7
19
17
10
19
3
2
6
19
8
7
13
11
14
3
17
11
4
20
11
1
19
3
17
10
11
7
12
5
13
12
18
7
2
7
3
5
10
6
16
18
1
4
8
15
9
7
17
8
15
19
3
10
5
15
19
13
2
10
2
1
4
16
10
1
18
8
7
16
6
17
13
1
11
6
16
11
14
6
17
7
7
20
12
4
12
2
6
13
20
15
6
13
20
9
16
19
12
5
10
8
16
13
16
11
7
19
7
8
18
20
5
2
16
19
1
7
5
9
20
12
8
20
11
3
10
9
19
17
8
14
17
1
20
14
14
4
11
6
7
14
1
6
15
7
16
11
2
16
18
7
11
10
10
15
11
12
16
16
14
1
15
12
3
7
11
6
2
19
10
10
15
18
17
8
6
9
18
4
20
17
8
5
20
19
6
11
7
5
3
5
19
10
17
17
5
5
16
2
17
7
11
16
1
2
3
4
4
9
11
18
19
16
4
13
4
15
4
19
19
8
6
18
9
11
4
8
1
2
2
2
18
15
2
19
13
19
17
10
9
4
7
14
12
12
10
1
16
19
13
8
9
1
11
6
17
15
14
19
13
14
12
1
14
20
16
3
6
13
10
18
7
18
17
1
17
11
10
11
18
4
