470702
1207
114496
840341
776940
525963
439447
670773
324941
419597
822582
583720
765642
840980
662235
809430
195309
628896
1746
863657
462583
5290
616991
245105
809782
91547
832045
623112
981189
939122
92682
649014
451564
929175
926035
881100
354837
205417
419615
825733
26015
270214
764054
766199
808521
996038
721273
875998
924748
82709
103446
94778
759337
425411
477996
382762
862699
949309
350001
263512
346575
213641
15758
15033
113925
491505
129901
475681
542182
91113
783341
194032
821942
400113
550438
570816
142402
506633
531180
716204
310358
279066
887807
977204
191359
471116
755163
477595
569593
759521
690234
556782
637359
618873
18664
694155
345471
591326
534733
361968
272713
818517
16094
262471
505459
668871
925772
573940
257839
915517
491247
155483
608333
198362
74121
141910
780440
438449
373726
997691
853062
463543
544175
892915
650532
350946
746732
214418
832676
896894
8025
131658
882108
181406
509486
399615
768918
413350
594560
999939
562213
112474
847582
796786
153442
213558
571884
115188
558219
862334
874539
37532
971355
513707
351325
257654
864070
439836
57837
532252
932868
908970
51324
125762
636296
105509
292723
157548
388857
327578
109471
429185
220554
120458
737064
134840
856093
782563
680992
839148
719501
115206
770520
244746
327942
378207
811946
565505
902762
160505
691343
771741
796303
278209
625424
580118
509786
872131
14049
823635
660571
592631
9032
756068
246359
131719
481279
920399
949406
390622
541937
442230
25576
255649
153099
996873
531086
295974
649754
242741
254022
694028
187048
213878
738234
372539
225562
20894
213981
591789
172190
222278
82683
256519
205325
396998
842418
793944
130473
774509
986284
742690
836001
259711
457541
127025
548661
828116
703413
281565
624620
60411
233715
38734
54130
535823
860981
94542
206615
910102
475502
927846
597800
766672
291714
864065
621682
748414
991626
746384
257492
52760
86483
205825
735451
104212
119622
706105
24991
106103
41479
380041
795260
217350
201975
171331
190092
300163
926003
948843
358291
541101
564508
70144
184908
760568
246651
336789
80377
894797
297810
405988
1731
959549
433681
501562
103737
786207
392489
701707
547722
958643
625346
171854
31933
673182
29027
458042
549706
694168
475966
359486
730328
184105
73014
958632
872360
950022
663520
102794
440328
566670
76547
3537
363076
912334
22550
648302
945684
884529
336583
403324
586776
450486
478148
527725
779136
731333
811006
315739
63959
519048
206814
237322
707688
481693
943213
757006
875268
325164
699955
476643
984787
348610
695985
869777
745853
155893
655824
153691
107690
766880
345430
779760
972814
10075
875662
613532
68300
872035
835774
123073
809000
429214
589841
797389
335752
94318
745796
576338
166452
171945
889771
289248
59035
137256
167661
971549
752770
626582
191373
457005
227919
860337
48965
827762
3679
106311
905880
145190
780483
835334
798750
381611
425084
421533
743757
626297
895518
595809
208273
448706
207889
373903
327528
767748
958082
849318
987323
697925
228864
66593
39270
621531
936497
171862
466853
170651
800840
175308
278576
893533
159068
954103
268719
126963
785516
574585
556766
999606
728790
618884
993292
550832
932153
963916
103110
665393
64356
379578
225752
896339
555445
388212
908861
276951
305711
58806
411807
906958
915840
797148
384882
439199
572455
737042
403659
589920
915599
37925
58628
449215
313382
250658
726962
677714
973866
925962
986286
641428
235406
808909
869579
158722
194044
288074
805840
811726
550196
249420
142909
709053
186740
122644
606853
177512
526762
701691
916561
107585
161577
271336
42734
580742
588305
678146
277168
966256
151140
246876
361288
890977
441590
862270
412108
357631
480356
111427
279313
815476
977140
113365
268930
171782
844565
550093
877037
573364
928513
457438
291247
284503
609581
534092
938175
140906
528968
83776
281897
868901
197022
218109
411379
24922
653774
616726
694134
432385
668185
966382
918873
771365
186472
182212
901651
411097
869746
652037
488052
666098
597340
38521
248191
403800
754575
624209
931813
334911
972370
790894
927555
377267
740943
987483
553419
199789
981027
459448
994767
425197
223391
88178
101669
998482
521061
919959
59184
912689
598572
352020
152149
824393
28672
487046
460340
88310
419303
867710
340350
393827
692300
659274
977289
495778
540157
360951
122442
497628
58316
295721
372246
767306
367835
453436
989475
844226
766910
743531
319291
630622
579627
351344
310784
751143
406437
685983
518934
211710
923228
357878
232400
391978
724523
730621
49306
965296
961192
854356
306224
555899
684201
6957
254766
815111
873322
644414
775761
126687
103351
293293
722704
335964
680245
805831
694192
738343
865752
442184
149328
59654
501484
444516
300558
314316
941988
124086
145195
236755
711296
995186
329848
447353
708530
158698
281294
636304
105551
963273
182765
827030
303243
953556
926447
215423
442944
252576
130954
171972
5620
819386
676807
740904
973818
473202
983472
373814
880011
181768
428243
694792
819874
874334
890284
809916
170136
958626
392393
46001
318053
796328
208561
31877
183163
623084
607155
719976
691882
786706
607566
286871
651628
721216
742413
848463
663538
774553
837910
578839
811479
864223
251763
131384
869943
947854
840951
226568
684531
464570
171038
892875
196147
228307
124131
125691
303605
735605
114395
663505
389296
488143
578015
171633
868637
724206
268761
370710
566454
903475
160834
550543
72042
395975
437407
469475
479572
88719
126292
855231
81602
42513
433438
595292
650873
906610
720433
233156
919172
530313
373985
571427
741947
98353
523342
23480
223482
160796
675861
852530
769827
128426
861468
590242
635308
161019
803489
736614
33329
888581
966342
308651
293304
74603
69859
927440
862948
155569
805475
911563
178776
572383
41316
279328
557571
947112
761218
653149
297665
452341
346938
806446
121312
170673
583370
996797
938037
848334
943306
288585
663725
209528
291299
784275
491360
917158
135441
55463
576703
340699
951381
93192
575828
523472
904672
781599
851318
129258
505512
239772
450049
692122
344251
373758
147906
193548
76499
634000
955342
847384
253460
283039
482662
985838
426096
444143
474950
108672
191017
823596
644034
482963
491466
277693
648438
162232
538549
330062
702199
931451
175861
335763
829559
478353
374916
235668
224890
41707
819291
747957
525878
893634
212172
403130
62873
275744
24967
44762
308413
827830
893940
290295
818347
123026
767302
974472
929605
654815
206976
782609
359535
508933
957242
121696
637871
997187
6723
774418
994777
730389
890723
34469
927039
964051
907609
831146
169376
563185
256023
816995
208937
601507
838895
514369
798497
435515
625790
395070
147418
75381
16838
201831
599397
812281
609539
911193
642109
355726
133962
484420
36256
184673
92388
956413
700157
422615
816202
472140
740908
309566
235817
595941
684258
262781
648726
591117
522743
593273
166232
395550
675249
176608
321191
703655
331056
764170
527119
905801
937543
165027
693234
633392
783138
228733
320564
311131
725692
415828
830964
427568
121383
755519
713918
200819
920353
158942
315252
938458
712685
381622
737398
668875
231947
410197
372587
555971
453423
686126
48396
199880
960282
373111
629281
173486
693301
825100
188282
47807
548430
518218
539814
718916
541325
972657
7479
64849
419135
609494
790091
833062
667213
62617
184599
187295
832033
197381
226391
527269
961501
975288
15404
35483
749968
347970
110800
902426
667633
563917
897399
334852
952678
627850
753895
261336
849322
165333
185811
115137
886151
614169
825474
196489
306454
489305
346757
894729
985900
449433
894103
485272
302825
31162
583370
307239
462474
210577
996265
874637
718984
402201
360669
877286
787462
111832
285895
87277
493468
222397
504946
902556
368275
810931
65075
631314
465712
469981
803473
649146
150002
338174
746680
245565
983907
432384
280280
317236
132601
417890
549751
62381
891102
653093
573809
484124
41715
201824
978367
820120
752809
518956
92216
981632
641404
683986
384821
707266
439419
382452
872101
414948
427055
316480
167853
670232
426688
363470
316451
779906
686766
595862
406747
266886
427586
225124
237576
885752
169480
639546
982051
397811
218786
968129
880818
540421
848153
21787
483720
497357
775076
38285
854814
705355
516226
388790
457448
16488
74974
291582
144101
76903
205704
622451
789982
279481
190829
111467
629830
801318
665103
572283
284191
46491
526686
322808
794384
280397
385551
625046
724678
364018
317203
797076
535679
274787
913335
631615
984708
535309
750889
893281
266922
761992
437163
960623
975243
292731
330960
129200
727609
256110
888424
698398
486858
504130
337080
727414
181555
546334
42735
264737
225319
995227
501278
930697
927724
61244
361047
964045
591612
320068
261316
231286
299645
315925
558595
241364
7198
561565
204796
908558
579198
148938
139981
662835
835269
494162
567275
519652
500548
706187
388649
890109
198806
690649
897688
237561
270008
378694
549066
168255
246197
405166
254345
181231
277616
151329
189856
96685
665212
314411
544779
132195
926201
69520
986194
702628
496110
449113
872752
282275
253728
780976
409733
86687
544664
897762
5672
906878
274694
359452
64333
160016
945875
114665
325713
108425
216361
867589
655896
242632
679169
914332
877929
24441
75607
365864
834573
542411
85851
484240
378621
144838
172178
324667
397624
784289
689594
997993
297265
632912
624119
646561
591219
509201
870756
660923
375259
794607
921162
755726
499461
812291
195297
270154
194785
90559
21865
461648
758902
539923
449071
621159
661056
335454
650269
554059
86848
215025
678299
342850
511245
979239
717860
336181
361724
210293
786969
993224
213359
614707
46621
553284
243784
938800
491979
497600
868351
106003
818951
423606
574441
81519
686778
261480
978749
982558
430228
728663
42518
121309
514302
540056
197080
993005
669809
169968
855668
702894
699978
896411
417378
963601
406237
449211
405279
588353
945581
830426
823043
355676
202442
778911
163120
227673
434725
910439
754348
166657
536716
780584
298026
213867
750767
989681
508869
69186
555244
977455
750887
142229
757908
339521
438112
932870
531970
338744
756241
643210
246271
781548
953631
123188
461580
582555
48733
608490
391737
150530
305910
222094
461388
194409
242741
879745
331319
670273
249291
64840
907894
368439
123432
919659
404862
74415
956235
237557
483816
328288
837537
234702
863836
554180
794188
430113
561351
734734
222134
569213
98024
865141
828337
288803
597470
137085
759705
140314
680864
174996
163548
663372
467014
675362
897760
433186
784240
484414
488745
392926
909374
490302
721305
326243
763506
702967
437033
25249
514547
548230
216432
565730
963509
712183
624832
114069
924330
837804
613323
859281
46408
997755
483312
988787
174453
145691
546931
107961
392063
682929
245406
141220
353420
868182
23645
546335
371770
45112
701676
623873
3841
565794
432188
810082
546140
847726
588334
104280
942042
217884
87064
200695
87883
69337
720670
469948
421726
384306
42805
666792
980291
862095
235196
128417
817473
731140
167319
271577
792203
821515
553766
396999
253858
627529
712609
165971
80218
899629
932970
626695
855964
770655
871157
336956
718958
543538
712067
954836
547083
45880
56235
650652
710144
891404
622752
830990
569369
79092
894442
959671
271279
107903
774034
710641
153239
188273
168742
294267
254713
191174
175500
561190
11302
691337
200279
406821
197869
833298
912255
74808
582579
777262
407261
189185
555422
166338
334816
732663
202828
397537
29180
732432
914198
475963
877238
115061
626722
884981
254671
48518
241585
214700
366757
102025
577683
256929
241258
723414
468233
896835
938236
858851
251146
409857
765309
21219
955825
707000
916678
751170
947028
662442
490447
208795
650699
904475
281109
584037
257201
354108
92712
120455
974104
355234
573100
809598
483728
456086
730764
232234
749869
773774
363208
597846
213661
402016
599386
765266
720274
506749
638623
915012
226172
595122
554594
587822
450888
940445
725299
4115
157803
298993
48610
935502
675172
864125
607853
912203
601616
869006
863006
219158
379622
371285
760510
958818
566020
531413
378272
440038
180232
130833
852376
290214
469061
167126
368110
981710
791051
110237
940320
913867
93959
807240
556731
798282
635641
82676
12752
857787
181661
797310
427428
268456
902179
500212
997567
349200
586203
837427
20717
234949
593021
565018
597547
157087
168662
355119
710316
998803
369483
580708
566496
493151
855470
918102
195258
288127
242637
915778
289393
115712
536876
643925
196401
470794
410892
161205
779836
531091
731350
813530
595638
530623
795147
314226
458078
436981
191680
145763
6060
576591
72298
70338
322905
802367
878578
439864
11388
904584
257874
555541
380673
228506
977550
542970
562923
881242
138596
80857
444752
485508
884827
849666
272311
169407
105617
751164
668685
369044
338127
790603
588412
64726
189257
10365
426324
271717
118041
17224
96529
962924
345982
454928
402240
113627
995812
239636
428309
227285
298432
497835
5671
526649
853297
924635
520571
975873
479260
714961
471306
436981
150893
310945
211358
558027
879586
955916
260175
440461
169198
448680
411489
739648
852821
551387
623935
615217
700205
220068
339892
866826
174666
199010
445818
666151
113794
548475
561002
527329
910049
359794
721546
545811
975317
252745
812499
479486
887796
247141
293471
946174
640042
253906
861677
867997
833804
740487
701236
305862
500256
91250
878714
996199
463509
805594
262229
227342
810789
954844
65135
174326
84418
253527
745121
448627
268756
691487
525743
413279
509503
920346
249761
764005
773290
491142
622296
983459
332218
599545
156709
538348
41045
210887
297222
108174
863937
309270
259701
709508
3260
543408
105645
311164
284586
726342
444306
423349
160156
487067
944002
187770
807250
869126
526073
695937
318451
824571
713540
619275
907543
361265
111448
747421
387776
567287
406967
699963
918514
858327
594734
902141
161766
572217
356543
896405
541873
469371
654375
199486
259622
788677
631886
208523
76324
255494
861863
110039
653901
841708
825786
351952
413772
137365
266522
1543
460348
909247
716293
231233
104208
793789
69474
249205
915517
100091
543372
223375
40027
383328
750053
134893
717989
789686
888400
41308
560580
171022
257959
929732
158949
620776
394794
196763
27733
392216
134421
804650
717925
125931
818038
332107
173215
935553
675665
463388
49440
179004
143404
940674
768536
677146
501957
642527
536391
732525
759637
245108
418260
547964
145504
873039
835910
548092
926897
253262
527408
666467
520500
147910
93505
876756
27227
261179
743777
118518
388589
390364
751253
296463
335835
322685
425955
216604
183043
867208
125834
163569
301477
455126
937813
320397
804906
941846
182172
385452
574201
600788
820254
550687
254425
811483
178491
471273
268765
613517
141005
978720
211014
123048
108535
67897
201980
790080
573223
122964
925048
612372
116762
438018
92277
715797
3714
835348
34778
161162
312272
587511
959777
443975
721522
908991
171621
916275
657263
999054
215137
278672
487694
989462
467135
365854
855795
179033
175465
680330
36984
621603
324942
516836
418632
474781
995572
63790
812286
513931
70887
568373
329959
869165
252859
508255
982579
352673
344711
725698
991746
709568
674101
648687
45151
747451
346527
48956
371543
578283
742428
268210
562907
140644
301367
481547
529480
761361
172766
361023
837522
762477
755098
452502
950271
22936
494036
685374
569227
963846
564967
697427
355982
642069
226383
76102
804008
508926
698082
192540
925360
919124
391712
36308
719008
659592
201085
346347
95495
608734
345830
377663
46902
133669
954319
843467
371601
986356
170452
928891
190024
269063
73753
785159
820698
505478
113370
581965
325047
975796
73960
21070
174970
252486
815058
195536
48968
307963
155423
816728
720587
656235
309996
125140
367213
737672
229448
251336
397770
159344
40997
399694
74606
462962
543971
990371
787880
808264
374812
813838
830018
331766
23533
327535
913308
969129
357303
455632
475456
213920
686719
640589
25958
626439
696451
439149
400373
903268
754317
655589
810096
971597
211503
861500
2003
881890
311504
164074
675339
238328
236511
253806
542462
528479
637329
87718
65591
992027
716575
45671
953444
602905
564765
34996
959674
330045
985037
812666
389250
88991
484635
744374
989462
699965
459941
326368
578962
727541
856667
58576
851285
292887
748020
676482
278527
821640
340977
324447
936389
218754
894488
984573
373535
146269
913256
362938
356230
920756
766940
478947
433479
44252
576940
403762
788392
535840
811617
950208
768270
40584
535645
629238
818896
158354
670333
857020
287791
557154
939155
221852
706695
213864
396336
601610
715277
559910
566231
60085
746127
400167
257391
744541
955286
220481
57535
457011
653116
902534
364365
178281
667067
924301
561944
586229
650886
840223
613589
529117
344084
207257
909534
489630
180994
151275
681290
306916
450486
452903
674523
811546
415439
372642
58357
572297
415308
432255
741443
653817
995643
22666
363741
140717
535175
18216
237832
196289
674080
542952
424761
593024
86305
656648
946721
977294
784337
6651
862594
611990
196567
426129
562199
978630
715383
50201
171239
414371
278411
768430
401345
909577
815831
735540
528222
298016
73412
221732
435789
334481
403981
299842
825350
573555
609242
738626
756207
538437
809407
999785
657758
400209
619833
420917
833011
275597
621888
507401
259566
295235
229514
753277
186529
794644
573456
564535
624402
336556
951914
667758
329949
785955
729340
852927
299087
328091
304398
21216
98314
144987
913591
286981
588755
447333
588823
317668
726836
696421
545172
186221
161693
144683
639405
757613
291833
273585
310285
34478
292182
314105
588457
946346
377545
797698
346728
782849
229623
4592
950803
843309
82134
251466
866051
903441
432214
192012
577628
784493
726125
691548
389302
650939
653490
380841
280564
659932
876593
694441
22142
239036
119970
55325
176775
578322
550357
880302
445106
888747
288224
249600
55841
600789
709482
409247
544793
955641
919620
756297
319207
375842
412348
594650
861774
593022
461044
743171
292983
757542
233587
27982
280984
658094
969873
797281
964881
738921
816155
859712
640394
818136
71470
666252
446068
282669
668836
130812
183740
63720
687503
216145
708708
881140
572437
299387
33077
86005
523353
375485
399986
927696
207979
356966
106965
225139
552896
84951
783390
231417
870145
178989
160045
946790
988948
522284
108032
257223
379283
4010
869798
53858
477640
121929
956790
923421
555233
186161
146266
90375
505016
158946
374050
38722
866267
615399
90512
644642
254135
916728
823834
710759
116414
450069
277609
508629
400948
708041
279092
308120
284466
56316
289931
900664
587244
268943
992941
807954
877931
298878
676532
208451
558936
295083
752623
611160
415225
577788
764392
959442
207971
139934
666986
157198
899376
255515
997308
975595
6158
944484
788242
920553
396529
369085
728227
919553
569166
717913
118799
620885
82526
771702
640772
689272
339009
138791
803948
728893
370853
98402
225783
368128
623269
96325
561182
599928
985219
200281
988608
687540
479357
241197
646928
817376
90061
941816
312970
209133
182082
65502
911475
577861
842257
505815
157160
683474
262825
281344
742880
200280
977317
600531
8344
292423
358571
517601
950636
90713
293344
213468
770782
732109
359115
604397
889869
745237
146043
806403
513714
343586
590697
964821
376868
622670
318052
96173
254715
748178
24357
883404
196709
969286
875897
815741
204288
694564
747289
670907
253764
927520
877819
100077
147490
74619
185486
994938
665879
510705
45791
391397
888347
315053
815934
895931
352991
275870
764978
8267
932874
601870
356661
258022
920976
776622
23933
773132
836448
644689
672907
754351
891504
128155
158818
342776
891339
937944
887703
536324
578686
266411
514905
136264
80164
726012
435132
186359
163288
733422
388678
4877
471062
129284
44571
703653
765300
70870
863770
38598
480349
138215
894170
542504
565636
153894
404067
153650
678461
432399
421871
972713
277751
47174
317211
355640
64939
231668
532241
281599
519954
215323
451823
822833
988260
636284
187391
587160
889191
169620
741701
204084
136281
163226
620280
281911
787101
883115
460293
775961
273083
435619
658669
376925
299091
556138
298706
353592
647994
232327
898017
265624
677256
564241
630556
99771
252580
354750
711595
676825
227878
670602
576916
626843
351365
17852
336096
836597
654323
834931
734666
35907
962090
722448
521039
108452
156098
200903
681507
787873
211268
815787
480219
631390
834856
94144
620935
550890
740828
197457
133517
725350
208120
112819
780443
418692
591626
877652
877325
83579
881529
642825
426244
144380
239605
344816
371882
21464
680359
379656
607793
284182
710390
949717
83799
301348
791127
688937
995381
395713
948083
762962
572051
302874
714037
887679
424097
685276
864063
612998
755716
558368
77070
778281
7421
748722
741553
261623
651758
922816
612476
17310
933750
300420
921745
924038
321106
897949
846475
151091
309122
34841
947258
590481
11344
879974
302921
400128
659425
15318
588718
856460
734262
350481
271738
524415
955370
234485
430233
218625
766575
280060
442889
351630
273520
240950
939551
43311
812073
264152
956660
800277
456638
976715
198681
664779
813492
160674
671060
479786
386648
219883
720749
320184
652388
248947
697091
199614
733490
277185
28887
878314
225291
179447
502691
969369
293143
820852
922923
569115
634417
233932
136117
322001
278107
14368
609655
171044
481235
665457
369562
42073
173611
321633
122497
363276
501151
137815
813771
631159
22849
644065
706275
199800
27601
533940
304455
92401
254503
680184
92946
912432
23832
652791
111275
866235
415849
652191
844033
499781
670652
564267
770168
999347
424724
794084
185559
809190
748433
641664
589821
878870
203632
245849
11239
68697
301642
541218
133049
113852
809273
248237
979745
76029
324187
648260
223874
396048
420775
782681
881792
501684
453857
759520
281077
422038
799911
50868
702856
13105
914137
21107
29013
208726
86586
438501
57278
177003
191680
391686
886459
384235
42863
857794
919556
346842
187719
150410
584294
286243
108827
613208
828596
992524
831694
219113
812768
949776
883552
184984
990706
179307
395382
318300
949161
316509
894460
574984
957116
152984
995810
226482
166608
247583
768361
109389
801796
238358
25229
662362
474867
171985
167428
842767
975370
508034
496432
559427
493813
452527
103430
958063
260892
928578
541700
752453
10445
801430
493461
807015
507272
941058
553650
345486
620176
327577
70481
485561
66131
682996
706277
280791
3200
47440
11924
88738
107871
308785
844462
878340
636707
941724
899677
39620
242733
115575
980228
365334
993733
889763
874688
136825
122633
431674
884034
665325
529424
63687
99509
215118
949552
474495
509377
966435
5498
614400
892032
563642
66258
635078
238988
838232
953679
731402
143718
496317
55155
896211
190907
916778
328894
408480
885584
718917
21022
341199
72714
427384
653008
497296
115246
387388
983437
960291
322195
64602
199880
880923
248283
1902
554660
211816
522728
998995
22519
849331
807217
531215
328760
45041
331676
30196
873128
8881
211380
411822
657768
341798
410048
155812
316806
307841
780954
316481
740630
983903
91740
75682
589703
9961
318468
836599
200749
3397
780607
401037
2396
698144
881022
473037
577898
522644
313664
588080
939278
640229
606540
579860
410278
441320
778698
865530
754732
98938
707304
155548
832504
77316
524564
675650
116879
417996
994084
626228
865310
218590
352448
398294
599678
966476
544111
15424
822737
293006
126391
377515
574157
273383
376205
144892
512607
613177
291326
520240
699562
934522
246318
761034
156038
903361
36951
986574
565198
123671
926780
731458
201809
565421
95676
741235
283751
790093
582536
706192
461330
390900
412959
985682
86862
874428
107642
888085
240025
676229
178290
740431
223750
124975
535313
806938
390881
948101
955121
97126
713648
346422
884799
241892
465966
756055
898006
909872
752842
163027
58368
686589
391692
239274
295251
945370
827099
628310
651683
1664
343595
424665
925338
761387
830251
263261
790852
149075
746426
463213
965417
833089
739733
355114
359428
152819
575324
261678
440140
696764
649840
598707
228646
680557
383862
216630
449121
130481
213502
412470
354179
890674
734734
7889
661301
641198
793340
511057
852685
439326
958880
658370
814505
777862
872795
566669
421438
791978
418821
317381
208465
40030
528111
41092
714317
233984
701981
474407
429594
401539
11953
520473
537436
224735
419789
560402
795793
718762
749433
134887
977694
989902
538334
143623
259568
542970
297336
894706
827535
496309
416356
177042
757745
106353
67325
25804
919187
203967
976358
4364
246061
501199
863902
635644
231668
239801
684607
81680
906904
321798
537906
292257
883842
887600
265832
621786
268501
288574
306335
348166
376802
538718
328365
618211
223820
623989
539271
91264
698860
498066
325540
955967
187472
199751
64688
54701
156438
289917
529104
566063
878896
724853
291917
67783
44114
358059
940443
830818
470109
493973
704570
879948
517142
304831
315387
696988
86296
465776
523681
439820
279690
63566
728386
203763
897531
690633
591858
161384
952103
648978
351836
382637
289895
357307
779226
759327
230465
380021
376332
736205
854296
978118
461939
485545
201729
719751
247636
752912
181246
482140
874047
848880
427718
126730
646133
164773
699894
235934
383489
150095
661264
562487
884567
905111
49592
261382
993014
414131
307765
549586
649827
973345
722268
170115
616779
551672
995450
924818
264571
663839
963901
584101
933444
832050
867629
682059
894469
865865
173365
61906
866509
999520
460206
549309
376844
391709
286934
800153
992704
614945
277743
194471
596492
539927
886723
629735
429186
454900
431349
204366
584467
350825
21347
76289
349
50261
951684
231550
765602
261147
977085
504466
735015
696275
640344
953436
30562
115043
487821
615550
994784
516165
572934
738269
558198
738318
122048
817924
784337
410291
617077
162481
563985
533013
835222
239939
44464
972906
578676
773956
400332
799340
925736
404712
978592
708526
839673
745738
684540
742004
882801
836372
713622
129963
600622
314704
380191
367941
864515
117305
845811
570029
91332
149757
7741
732511
794409
165913
672530
788969
362870
44039
410118
241168
314729
754424
160640
709632
524207
575723
749086
963641
84764
536290
952289
862421
536790
631892
658162
167665
162475
102692
958903
372053
930307
940057
727879
529279
457730
837694
344154
568163
52948
1831
749154
726736
495404
591574
946686
551771
719430
73297
390570
375043
976641
441856
443383
299662
370058
86595
235322
508180
876555
61593
803955
138690
104134
657268
353637
66008
66647
464406
837626
672056
200960
571891
836432
92916
700222
145835
882710
489577
991736
400520
965993
605224
849096
890514
939841
243985
195636
128484
949465
334384
129850
764723
799665
925287
83334
952062
390924
803004
307949
63814
965741
415209
81260
632564
927818
440729
117964
234087
423463
653769
679878
53363
707561
697004
788220
38604
555769
999998
759265
874392
630045
357766
8124
486504
756417
618847
695255
428649
531882
523074
326455
295333
541615
976309
859459
255235
738121
952727
218921
905925
210788
774789
376414
913466
657249
736895
313233
319369
357253
910747
251161
972573
345244
498788
509997
275582
779593
286656
230522
321539
214465
586403
987706
543039
594513
559298
11368
193593
313161
960377
330096
339171
601941
156430
659148
549899
851377
734980
264170
150967
203186
143854
349964
716963
899038
579267
747151
475327
422902
774922
799481
422300
432001
435441
390660
248675
835661
804508
991943
622884
151843
261443
460395
985373
447909
899470
72579
770915
755178
754796
939585
894477
836086
727645
516682
411432
578276
264758
394514
494347
91691
557404
938645
256311
792768
349787
630387
494655
374072
449795
154229
129169
578223
687367
375821
965322
121733
375307
359344
425710
947368
293220
484240
61906
222916
837287
538635
984047
149742
256939
390465
826991
696272
834046
467139
509526
829564
451066
810767
837081
682365
241670
918308
948585
363583
920657
924673
714553
796825
949590
941668
456184
54716
910350
526804
774197
145905
330919
323403
851329
107232
735991
887023
323860
555241
879608
593145
705227
559273
957818
307182
388740
812584
96431
190242
456599
598497
562264
612741
878859
975293
955850
652801
198693
936616
109388
67547
469237
43367
535784
942768
32508
168617
52983
450044
712312
548796
642304
270346
130784
292440
690377
279212
152120
862019
511299
31021
907269
814905
448968
428499
459792
266258
919139
718472
935809
119657
466520
616035
859866
100523
284363
926661
513782
22921
672252
509419
366972
522060
592428
804376
14413
692840
825755
433334
602415
689027
225548
575505
422500
358180
220762
918299
210177
414173
29654
988328
698081
482191
10805
578827
141881
590321
200506
807108
862577
327386
363789
59266
330240
938400
820992
709258
951933
87046
902526
35611
520530
878850
131640
201371
231302
9202
138231
511573
279616
577149
866377
417383
315789
188906
854051
897167
452050
464254
235567
912175
91803
954545
645621
608124
582797
782746
388355
813858
583525
24002
75705
174394
76095
959440
436355
948058
159048
856424
149938
96022
109996
855268
370707
797463
720703
875395
70704
934682
576115
193186
454539
409912
774111
489291
476192
379155
564116
714915
922861
618321
520487
84595
621637
273011
160466
867275
71926
185715
366732
417945
209804
842812
581000
68909
70087
738647
497839
82727
827727
615079
906801
858164
72179
602298
406151
975948
196748
760331
942964
472927
469465
900525
521995
941217
692874
852467
969739
663179
357173
534140
340227
13582
844493
281773
405609
787065
551644
900719
687223
942016
764481
809834
651823
491246
739148
469191
22834
915339
723717
4636
637916
526330
588372
572519
921860
667347
323059
544137
837752
498147
908630
31733
129543
386936
970797
626591
775618
605666
185817
474609
835639
108994
622614
975894
291897
666317
78141
462267
61583
511862
991096
180257
87860
979515
703665
786975
305285
297113
681814
352463
319099
829161
801686
554435
838084
577464
963013
350003
257136
675898
99994
913839
298398
948578
125939
43369
288744
339911
470022
548969
476596
170553
642830
370782
772505
725041
701941
293628
435622
634863
579614
167647
522131
885010
981712
484676
361904
42551
970329
8996
936097
482521
402140
915969
791086
969443
110317
553227
43101
942029
89953
506451
103102
244162
975198
125394
982888
846952
780944
45722
431132
314739
222677
528347
691969
382114
925195
630322
378969
29580
484209
319999
813768
872194
654432
654041
191326
508589
903543
44993
102724
716965
193529
465525
271617
30221
129191
159067
841883
274101
548194
56461
191742
110246
217845
634376
43512
490343
550871
393615
588414
197999
155771
484078
452259
331792
596894
258026
590538
665916
955225
694438
620403
314117
652912
704604
672205
18115
532902
302759
574710
683464
369624
505444
75803
493820
827463
609391
844440
48833
380860
190126
199797
491396
863174
762134
870026
516725
121027
546270
595694
488790
716670
201281
61964
628818
742961
693647
468736
386150
593901
703611
29440
653468
968212
95122
826846
446400
474270
13592
748226
31814
951796
117692
672360
259565
28998
300095
687380
29265
493442
6934
881074
406618
770763
926878
164278
893147
177367
388110
663140
748627
641625
275139
447503
67305
272611
657233
750343
517000
496271
606419
377143
264423
475960
875369
704288
630581
187628
204117
522000
446857
829494
29448
990029
915411
211855
281923
143270
16756
394786
772883
709667
152911
119753
397434
484199
766258
515785
9255
140460
132275
151629
359243
155270
388530
752413
932370
471963
132864
802639
865771
634434
600447
816913
385948
386734
512362
275641
364139
151928
177687
94970
656240
379147
326498
28598
867350
479204
453015
583641
60846
956822
156097
873545
718063
391503
78553
328133
947017
119223
567257
334174
537244
823610
102799
689441
962726
757950
880412
219046
845977
988307
663191
24900
713786
873245
174090
617481
98706
977075
844995
613661
170293
751264
699120
775138
116204
612561
507284
909139
435682
496624
129089
556329
156536
572344
126814
450459
741674
564776
322823
450106
112309
53539
960553
14921
782397
188717
524665
327121
572478
497763
77663
843534
750954
844591
178353
404330
737009
145991
61705
21634
691733
150692
780251
124540
422649
442847
433855
346624
31730
844414
447743
907851
648121
559843
97909
264874
404171
731675
128543
982013
536996
557117
357857
709793
127707
753339
626729
748731
526534
953183
308809
923128
954482
563183
871262
392958
120787
722233
652062
591500
950322
261922
102783
692189
676216
988528
235065
880226
620367
181835
904460
232812
958135
937393
867100
196443
643393
866528
252678
490519
456248
712369
211424
763580
828126
640343
13343
481837
697550
318028
804675
339192
154814
411971
559584
943788
44899
798003
504322
658206
15358
606785
436638
248716
719519
207763
914930
433596
15261
372422
249694
511321
35721
151639
594026
996523
950695
452162
200483
594917
86128
903675
88354
907977
823951
370608
948386
973958
365682
381789
101292
123937
10569
826233
721854
659852
72706
494819
342210
546102
941415
435288
855908
647101
75326
631943
858567
40203
912999
221634
181515
586804
781501
314044
901500
253939
889308
497009
942602
644536
400972
276520
625718
816570
408427
26273
166511
749652
337392
503086
174457
752187
957256
622151
663656
693040
698932
980102
950291
188707
427569
564015
82181
780355
165628
190941
122574
694600
516726
485239
693385
997766
701771
619953
672301
825412
186305
623639
833709
897242
851600
785526
525158
712079
541932
579554
179051
658416
606596
571813
573556
773098
747604
976082
277205
34060
82646
878613
638418
882555
837770
666009
14201
136185
495370
858978
671511
576065
540467
379962
940314
269821
171880
264048
749089
126646
474782
960316
631551
271493
587264
664660
657652
572550
335918
575385
512363
59423
664064
569256
122575
29101
931162
558433
815394
352502
823041
707626
980413
866556
180013
766029
604030
765049
523501
15
845639
586024
441777
600287
33535
734400
281464
981121
72624
475474
783885
89512
276553
988351
403962
698525
63610
377874
54235
671788
788765
509484
927740
355072
223488
153470
870824
576042
840467
203420
500647
214749
112130
668255
891971
945111
489865
728012
193997
541573
595092
390661
980382
95344
423866
190528
484178
591040
43430
928480
124374
557272
342135
669840
891792
923649
883448
88080
229511
791874
810212
770657
16615
560045
47134
287918
143942
726977
757463
666838
956641
747304
124068
408405
530735
508311
45655
340806
349513
355896
265602
410127
450464
109758
783918
976096
524596
176851
142064
302485
767353
697328
315901
710084
504005
638674
503795
294759
742242
891384
54879
203899
840839
713518
146783
211640
425667
321652
592605
736580
532920
32166
333678
505258
714333
119556
757691
780489
500315
477343
970977
445741
184251
242394
549290
265017
364923
774891
93151
322327
63837
773891
121860
985613
520396
852343
454499
737075
960241
595672
246806
865180
730701
984416
279512
323187
202198
74169
926766
24842
745572
994969
472528
469991
912666
657506
88319
871141
671167
34946
837453
886607
174555
526882
528922
656679
84177
705840
108336
86323
902804
697000
543822
221245
127703
548206
841581
123726
286110
210050
908755
870447
77146
164759
470571
166601
911570
317802
144191
598896
114430
497589
73483
734649
935534
796322
236921
114957
298800
29010
655088
687036
913937
787847
244760
374111
972513
925601
993306
290824
155401
814361
460149
577953
89668
394937
351296
952292
710386
857381
58436
845860
206492
774576
605880
443205
359660
648510
406621
16352
121332
122803
593048
704037
215393
565265
458341
285191
402652
330679
721369
556194
798128
776732
910880
637244
293313
24930
154051
905272
702937
533561
49984
279130
729415
781185
110453
267362
218021
746843
458266
529698
461982
417123
87822
700452
509050
250401
12971
875363
519772
385040
54040
472952
232517
391016
848894
147324
501501
533373
912159
51371
691391
841134
212235
27704
435740
756712
787509
239170
896346
778571
381150
341639
196801
303839
938155
548845
145853
827758
78811
842343
714852
763309
339490
139244
988412
407048
54726
446198
468586
996119
243740
900169
680205
376628
760128
124869
998681
534989
265167
516280
501452
131555
293187
911513
430373
219791
791749
592350
544758
534453
39847
728081
243390
88648
774117
171882
838716
332404
686063
990757
777557
794248
192532
231134
920070
952563
527215
200577
212320
64888
752682
980573
217691
821024
250481
976236
8513
979799
611083
55802
861677
599473
615961
236130
50602
78265
180863
929977
780840
984158
712318
486660
977728
572071
318710
129754
201859
961709
712724
423833
441805
180825
443762
86797
913392
666336
306897
305180
280961
359669
389232
706872
908429
232934
235002
799039
846614
938915
37535
988569
268145
290638
599201
268216
972439
445141
39707
273667
400568
991342
878640
695074
323540
623276
169893
961195
997312
717730
823632
705061
114078
929203
115692
767200
321677
865339
654851
395732
431659
12417
755126
862263
691391
343187
243288
928269
656745
458261
221034
468795
269268
687504
196763
88556
715386
309276
303656
750141
525074
933091
28782
274821
153540
135204
992195
73524
981881
636834
835500
618891
271275
671155
206134
978861
110179
697919
156589
198077
805118
293488
17101
435479
483041
869262
945791
544732
896854
852935
912048
218773
555618
104702
826919
910507
337036
634488
898532
488819
682237
136468
61115
992339
321494
463586
502884
902993
234397
927476
901126
77199
209136
228145
962036
844608
932935
892962
258378
812640
19300
335940
159801
599622
757643
36005
858652
60158
656958
876887
108375
563425
47626
391451
312112
538420
104043
509755
25848
809753
655667
422789
773493
213375
65183
342828
310507
603757
269901
266490
118215
642281
806119
328063
962706
691251
266055
968357
810205
728687
173105
938260
255093
446180
703559
106409
887220
595390
31538
146792
701964
208328
328790
444832
739435
532410
612141
979412
628540
393313
698745
513527
607092
227006
502945
157674
890928
206883
788410
257789
972986
732762
275368
603501
547574
45557
695122
152644
275560
884789
982676
824430
532958
915635
303190
426382
618413
118057
19089
449059
634342
452614
22069
287811
401975
895893
77839
432242
322334
373034
961360
301763
53152
205690
196435
699544
236048
440791
155919
307391
278709
828832
127434
250504
373661
279950
704358
523776
518177
341897
522995
990229
289120
616079
934218
737390
522071
56138
671493
808850
845802
778148
957100
715932
231188
352300
774479
678375
327905
543017
227022
243078
382772
117789
2264
786467
960336
654542
965301
418670
519335
243228
816412
976683
137901
599340
565225
118884
325902
385430
297417
14694
914555
471230
339810
760894
471468
453826
465857
450034
553514
6399
225913
766580
380454
527366
835287
92892
188990
121309
307986
369795
609923
158940
685174
375496
900352
535376
274756
661739
758371
274339
792141
117601
749469
310475
172103
18953
81834
122788
607804
465629
582045
389266
65428
308480
243127
986091
121487
24980
643701
464404
474784
514717
869978
603406
896092
455059
311602
760649
696056
682488
847838
518697
15405
46527
492401
561907
371469
320874
523158
807879
931130
50339
487291
565241
922706
662325
242905
892695
447912
778073
374934
393876
709915
421592
906105
398357
334647
743092
213060
851229
29894
949008
453188
261981
300359
362072
609505
748005
316723
922645
468921
548843
322913
986427
463484
384378
158133
973884
324710
683496
568861
283157
927865
19295
990898
890926
536049
52770
392688
234650
893239
908933
588509
294775
260898
187692
153754
276985
544557
746340
704444
932231
114776
981358
839195
346242
791119
584291
484286
980408
728344
649779
731086
852368
620696
573392
509987
7333
723264
392749
606126
850129
678572
97459
589552
483127
32111
961748
206141
926672
622271
138209
655428
986333
738121
591925
967679
575229
52774
951291
384880
499885
860559
5183
248986
74508
72983
385685
405629
441291
761487
441408
542628
143278
774234
428511
200037
321518
99707
924854
412063
889702
201619
807262
71129
177145
507670
222742
140422
824940
598927
731513
783712
170299
417127
203081
329799
960544
983949
106118
743896
902
709302
548754
939316
259200
354963
797942
830281
25775
115369
34895
500255
958319
79157
788143
240103
229116
543025
826595
496532
536036
263781
292056
963606
438886
754914
503963
148801
339122
160807
178690
749941
433647
74716
771569
90457
142368
905880
271877
677854
834360
46659
59312
673832
158947
142337
365114
694458
925700
224240
471735
894862
271299
331080
32110
735361
801397
513942
792820
174500
502070
797083
565086
289436
478146
749728
503295
485163
994627
813310
622854
521518
872625
424084
17492
560493
22697
272836
420694
316295
786123
751399
596763
176706
798641
749934
544090
856693
291349
489470
646524
743831
99909
931
718318
600024
165918
194898
353914
695086
983204
205600
115951
765180
267069
838165
873141
412708
105877
499868
34291
694155
992133
954180
515514
678496
424107
600633
24771
701183
219288
754054
651216
887351
287362
573459
806347
272757
373131
873915
279832
512109
198714
43942
544922
731830
509597
686515
476676
557921
760499
403512
330833
729466
564761
351430
171936
994492
574884
810474
936421
177220
162044
29626
969684
404436
118857
37045
185724
483547
622368
938175
963763
336046
863172
463190
518329
207494
71780
170900
757604
98738
154786
768027
579401
492984
791081
460732
144978
989483
632315
119577
917929
896948
201992
309557
158747
188475
194040
913657
125221
474607
134383
161343
444610
812334
787997
362685
995676
235171
269109
544317
166902
863129
543682
485172
541863
331243
900964
357978
903469
61482
14897
296706
945942
595212
416303
730733
236640
802064
553277
253180
779459
285903
129855
123928
997348
719733
82019
247071
73536
158785
375255
608057
369407
604617
789356
707533
71505
222998
993838
486936
311001
654417
511297
605091
746000
798499
616212
695623
394
302206
823169
411727
412549
736590
381148
647852
262908
108015
109491
317119
21694
917125
986325
458782
186191
452480
131714
251834
961667
385669
215445
718825
380815
20828
863355
518248
453661
743889
336265
244349
593220
315499
612053
79966
871718
656465
14072
481021
628060
685665
698093
810542
569271
587797
635123
485592
786950
611940
208904
252265
44374
131789
184598
661880
280679
234567
599093
685795
525643
547996
73586
676754
321892
363339
155516
561436
310943
367408
559636
231894
855293
457570
596943
592822
440859
181162
655405
617096
132381
314363
327827
63798
538966
975449
669942
220926
587775
453485
115726
149280
900948
625917
777129
424480
724130
437111
211898
300873
164589
414831
255807
554054
962702
612722
184601
998025
142658
684285
296137
818482
666572
17451
984638
415507
650735
988740
516709
406947
793581
432136
12663
807994
412004
360173
586937
173030
885982
823383
207800
662522
371035
549119
599270
580778
353866
661908
427081
919624
998603
354882
85755
838585
259377
855439
635262
813894
419557
408203
823475
396657
58750
284464
674522
134796
445788
19658
823401
233842
9206
179106
633595
958467
846309
957078
147184
609609
197737
825407
85856
151318
436500
265262
446420
206965
398806
339291
715899
196201
818524
491272
368921
842070
217999
496504
104134
141931
854967
928583
226519
166359
228656
856806
688934
726943
207724
743380
568941
36924
58515
670684
175865
977854
524159
96273
558279
480966
633401
306893
913527
833736
102575
622717
288588
430069
34987
189078
5551
596852
119028
885420
445149
650099
679662
479778
178255
260659
747507
662007
947922
542507
775539
88
673524
15845
755525
181248
473719
742798
264625
123252
686418
485193
407133
671096
1637
691978
707199
630485
117053
488039
755407
831850
776273
606727
815414
767287
656287
385123
656433
97701
333255
524114
593163
988543
474733
304593
86813
799951
481627
346598
289241
130686
34638
799969
596734
595191
387605
63131
620832
999200
794159
740819
980630
771706
154248
572123
974343
609757
823562
486954
497459
297400
541576
782050
540642
571250
602881
646907
222638
722522
721650
915505
591696
349024
520562
971489
363663
300463
213164
192446
355671
396570
842633
183188
621437
939920
390072
318452
197508
393969
171923
792208
929353
851694
208783
453736
62017
81374
666856
199923
152151
3420
48447
588729
386503
425800
539375
640520
576583
745489
808877
501989
939978
109505
601491
761628
275920
221466
660634
726236
295974
578257
880026
894698
680333
426263
91795
198278
895993
137747
569055
315927
935169
25372
145952
518623
910626
836446
839585
48499
879171
298414
995960
996550
355374
123180
276009
6934
724657
820308
247976
906426
168197
517704
958857
534313
771694
743324
620311
631040
205823
782558
463387
633174
738310
793314
891630
617750
365860
334493
293529
440847
538751
343390
263034
323209
291719
883724
520731
750026
591838
178344
528550
572467
367407
539332
647231
625337
991445
813080
698566
8214
959196
869051
963284
416706
121125
478342
970735
555957
111215
651757
917880
720292
544923
137028
192887
80910
151996
310919
272480
87775
256407
144352
212475
662373
918991
267306
57306
534772
617939
415158
757090
161387
558111
699220
599708
149178
572230
211652
740567
7443
105301
448545
144156
350190
958201
914837
139231
380030
307195
60894
833361
598820
13187
392932
832798
210796
387875
198121
70086
610656
393506
830062
54466
682116
718768
911501
529159
371670
295439
128488
344731
147829
598705
513843
339226
507843
508642
247675
153460
651946
601194
38819
203769
809393
484017
93458
484747
471095
195908
525802
480933
960387
748088
820613
229087
356496
601445
618475
491683
774517
245900
662086
77394
401230
76382
215513
575821
487821
444480
648188
161405
708611
105644
161605
665401
909133
278883
829017
814992
287408
189241
217098
395073
479038
272869
863397
100914
849728
190386
794554
18878
538121
416222
87621
997543
437325
450029
200490
653038
355283
630758
427263
390096
52122
124849
370593
614262
716911
907054
765356
260902
716721
455716
336678
873104
127681
443912
630210
723235
640695
923677
913683
891906
923775
372612
316151
793244
418426
500476
344975
366853
849294
897964
800466
44518
434288
450652
894254
643670
896649
938208
69830
539803
900941
392245
622325
826502
461707
595786
719501
684419
206528
573137
837033
849495
114485
41007
938562
895897
496549
570063
954633
30621
536150
640659
244492
234366
666203
867315
760883
877267
423138
413574
580344
388234
188961
22192
310133
163132
409146
145204
637821
659681
457175
374194
950696
545952
305785
743208
519515
844497
560485
505024
214785
245592
212694
666113
103608
150809
677815
906405
561294
552026
297865
507057
724301
551210
508736
562759
209701
182754
298984
64651
31266
212830
419978
405771
553381
759169
46564
483009
141390
899889
232870
847873
890606
921414
559639
292940
446099
493243
827499
851671
461514
851259
514823
436373
687543
21472
989351
242365
29328
222532
139491
606024
166921
848037
174235
220169
494109
848629
829880
482333
198230
909028
117254
279783
277319
546642
44888
699722
170714
146048
461622
993935
465480
987623
276342
624186
833303
528752
833090
368033
951209
552538
146533
274255
664311
311586
35776
722947
59908
463417
933786
967364
439691
419237
295173
312969
400391
709245
76852
523654
363112
105352
724118
135967
927736
536131
458901
109235
371143
279028
437508
642768
456633
521267
521897
50953
476837
143633
991532
302809
113509
500224
512145
204681
264982
42461
73219
233076
465728
867117
407775
709166
902303
655780
616057
347374
316125
17158
328953
207469
275906
943780
767501
732946
401172
951136
481611
868032
123232
479966
384105
211483
481041
311359
935455
787388
266812
69531
980109
291553
559870
368580
787048
606562
317098
797222
305216
969477
224486
729447
508745
423182
456656
899249
977376
85690
339881
784000
534263
331344
168997
103761
846338
193607
589726
162754
381665
171250
25338
334415
13758
148044
600187
722896
864535
320651
892553
921580
685645
870200
635347
833121
192135
610141
175626
715699
282921
996258
102495
976655
9322
694313
957853
747341
485884
366610
355575
941974
677000
460822
152106
328482
138347
562767
535074
120771
343891
309381
26414
739535
187245
948948
432625
682687
610417
382725
717163
896666
83478
925423
618618
646345
835458
81567
593182
643931
319779
350595
321083
116220
386775
445586
584000
564755
31392
338895
794145
204867
385881
232469
835561
457299
835331
891492
164317
410045
748138
777052
306674
868226
334008
66857
992923
466276
568863
962573
169474
329420
959013
648220
42923
940345
156224
886082
127184
192173
80819
514945
988431
90307
261703
50038
12456
203376
560206
174850
55198
757499
308918
162116
279570
218244
167166
164513
830348
311115
671570
875265
253774
694116
543095
274585
729645
914852
301311
50039
251053
859845
632031
807154
860574
635182
256307
371243
931586
705317
756731
322174
269514
160759
931273
400916
500209
185637
765370
580010
811287
152506
39774
399681
617124
284505
924630
637113
129366
493912
649557
498511
132169
831309
484977
301865
485021
961064
821714
52914
5910
216481
93896
407627
423679
81952
654434
261592
30848
399631
482871
610013
516789
204572
782154
381597
216009
855007
103884
665431
667471
43362
630859
122009
948215
348792
641226
397912
718221
223506
980338
48179
293303
692790
574387
811271
348969
592632
634167
78559
50582
869017
217822
53616
503752
319426
248190
406154
423805
169736
913358
191253
834302
48720
618306
426631
421937
247466
301035
998996
898821
632557
978308
505101
353002
219490
844160
223945
104221
206782
108592
663633
24293
221411
34351
29728
630119
632677
306488
521496
512223
54258
952355
578266
822860
573190
519005
70198
615088
819703
110420
956077
797857
723265
188783
115313
352050
687905
752010
902153
238522
963828
614007
467172
121594
192510
34630
44451
630072
458941
873092
212402
382751
697345
771553
602011
416496
965670
614899
648385
972376
929340
658226
759748
818956
876187
265278
712647
421745
722198
159141
172943
303909
761643
450705
989203
885772
365351
480945
308468
939228
437344
689816
623914
548105
202739
307575
579764
126607
818761
653588
730858
615407
375930
223197
482624
448526
87897
544980
121768
264081
856125
998736
188792
618065
939555
398796
440560
152738
159568
167766
304421
769836
927033
352553
34978
363669
390903
567557
750422
580332
176771
189145
147398
886631
509003
771048
971723
955953
991492
702072
256807
8196
959798
585528
932485
277008
111358
684025
654010
219969
70651
43818
604297
435969
652684
589603
582072
508945
850786
563722
904382
158247
993729
172944
524043
143289
92322
201532
290846
343796
127102
651050
469995
316814
916440
175370
472004
417796
248314
193597
245392
265455
159204
84153
936811
928721
600007
789991
232835
718996
241572
497947
263429
882061
841386
794474
69216
801356
418143
845515
412965
547984
462397
700047
150294
742697
549141
774807
465406
731212
12168
941992
24746
16642
790198
412216
504785
741403
161257
781784
9710
765888
844449
196335
610614
552310
867228
572162
609859
629487
671473
212041
162602
888010
163093
954147
572031
335082
797619
200643
915707
224469
338150
786788
657449
669381
622238
671919
552536
944738
530742
860418
463567
690143
364355
793785
670138
136052
2483
694194
877566
292962
544325
985407
408212
767124
613465
968714
993529
496133
144977
389514
175765
233897
267984
394483
575345
56870
846811
649711
183255
512055
350326
67011
397342
282178
981745
668562
737238
404566
420126
609331
44713
147635
99977
272231
504568
622534
686846
652704
5743
87381
294459
957457
203165
687643
32899
456310
137878
68599
677550
146646
426391
894486
604943
716690
839665
813752
654344
626867
558064
821042
242889
867736
510597
283871
887231
98522
985141
125594
266146
421992
130890
786176
96211
9480
65095
618366
386634
154063
43228
319300
89492
100456
555034
846161
768100
176907
268498
19412
668906
337409
459568
678280
501268
211790
937562
820500
304670
156751
504486
632007
14348
602688
671083
692124
724035
199135
693239
925931
188444
875915
989439
67887
808331
957619
653298
499401
197389
895759
84763
327938
442972
15974
729383
486385
341534
916911
537137
448759
214917
802921
30622
882015
395027
84458
806963
183539
102149
38084
888651
390105
236114
182237
585555
386404
549680
295432
433704
689917
779991
680313
335980
343789
576628
359995
245706
610459
483734
382378
606166
226236
808890
303639
287416
950595
942848
223847
946333
23886
581947
455674
576642
933253
348960
21420
512754
578968
508328
694077
304561
532004
828185
224919
689893
578546
154262
733122
357182
158302
929705
972151
312940
620815
720061
333184
446967
447656
784082
997594
322790
718225
868752
608503
311661
133030
700840
195696
935477
850720
97496
858697
687352
243733
224858
889539
658109
432361
296323
599796
12787
118102
921081
105687
733334
804625
388716
720577
71985
968235
407108
405960
844359
119658
198577
939993
32181
985082
403164
76955
162562
226762
938098
991462
584113
222153
819009
728060
69729
425397
961078
209813
141708
746133
147297
598765
136936
197982
676211
446655
308180
792687
682923
126040
192123
285775
764883
489960
65577
915736
337896
572570
558380
721110
97996
413641
394819
368479
71261
766617
794978
679280
996369
532900
283231
204450
203600
254305
523179
263336
729228
891136
326637
836888
135651
415089
168859
585096
395333
454183
383014
44698
240568
341212
703964
755634
581259
437671
984765
663293
949365
531915
718842
648538
441373
443283
466620
448585
299057
703188
407480
549215
94037
329695
16206
852425
463048
263840
297670
53520
478556
993976
104324
697749
33284
258675
808142
829006
67419
489229
1950
991736
73710
829546
964698
102052
78359
154255
340998
365240
214562
495075
857364
984170
80751
681029
925881
876792
307013
799827
670614
769
140900
295758
252896
169436
407728
133696
368673
435645
900735
479302
444458
218704
112831
772311
367947
354495
234443
902751
555235
159984
510842
439230
778605
420724
377582
503932
457183
933586
274094
940699
47345
866832
673191
880621
760550
735774
658174
673769
83378
234661
329440
426256
477844
514046
428915
58543
199650
747784
833351
883916
387828
994948
986468
195338
451353
429312
915105
244360
306545
982705
205994
297549
203738
328412
207491
163904
722429
916936
764492
700975
11270
468803
995011
327909
502514
927754
973310
500421
140155
382520
697172
435674
626784
876522
385862
114327
316269
342231
980508
732508
157692
120537
700083
328226
530524
655371
643858
264760
901875
989948
725156
617794
983692
633399
671416
283597
471107
215164
432033
802296
502736
99436
98118
473301
699501
793045
357302
329187
10660
547580
581858
929874
624024
30161
879903
740661
881925
317174
827099
65729
485316
751391
140252
122931
265445
395309
254381
866249
455881
912147
621278
589010
707221
710842
560284
173992
52656
102508
660934
95790
654608
33212
62352
926333
441002
681541
415676
146186
674285
839337
973532
522306
87145
530088
44486
177132
465927
761864
640
744453
466095
660306
132924
684214
3628
482069
911400
911436
782081
170244
626776
383714
387104
180675
964577
187206
908528
281719
794813
962853
234704
909868
347742
222514
4606
449803
990193
219008
700257
499813
17198
554532
515389
782172
230040
638689
445795
862917
584594
440381
512652
256622
862730
717056
152183
809156
144769
50332
583328
475012
842421
568754
399668
735719
189339
196470
722675
941938
380342
630853
415
804270
587
22607
939172
106399
992396
508671
115017
469097
170150
331208
528167
654749
212586
265261
735052
469430
137070
473134
221335
793209
491810
705343
363686
649223
889717
975961
668946
508226
51546
454463
976373
217659
226123
336673
961998
42957
711971
884163
593674
313679
217260
654501
151233
78158
964031
183936
48230
987805
767787
29696
970074
355762
805002
130758
777919
964546
418810
904010
218508
733426
107068
356963
727227
798655
787167
768666
514955
908331
538458
167263
688866
288535
285788
915614
373145
298509
306658
205673
667674
260065
19647
157827
811041
819987
243239
523135
98815
84131
1850
694447
948833
548021
999831
846618
2328
541136
84379
546538
303045
500714
374774
100481
406047
895787
248025
239246
733771
33280
39971
480869
618914
295415
146057
656134
252088
581252
187490
633935
186740
855138
46127
241481
144656
740910
865426
738659
612421
43125
564976
976321
122566
925203
22566
545056
172656
229250
840449
804009
451436
83466
531397
668544
413189
510430
35362
431094
269806
223182
708960
691261
154615
175898
317743
679269
552860
722104
105115
871104
90770
425732
711993
814200
428497
668993
577724
509284
311750
205879
465478
526998
802800
721269
924290
277167
333575
272996
825100
494120
501908
217843
589596
53178
466543
852352
368375
691486
387356
535424
218847
70574
604297
502106
283540
888586
151881
926576
75880
426833
765639
47213
243233
998360
752746
327802
595942
255469
971120
696259
766265
208635
689610
875948
592596
111036
286446
704498
212027
70897
583969
121195
888258
368118
114710
196377
802057
972183
767203
174930
387923
685062
69514
10820
313293
665869
834261
280774
865586
833268
10979
682567
337559
787142
370016
547043
982916
442788
76695
922837
251793
528925
305318
828938
309683
465030
789640
212599
293574
904058
609779
998722
365505
403347
575086
371745
386455
269493
278317
92194
952411
612291
268541
217420
609654
38292
818498
69712
297779
216309
446748
674816
456610
755224
695701
180070
777162
448670
663772
953700
276968
961716
443137
165497
236547
461395
924214
653952
546489
525961
393758
796060
183562
906988
975568
913408
859448
363957
241084
471761
367182
842721
251774
961278
788021
727245
885976
880597
515450
758285
549977
690422
3222
483162
276397
950876
250748
777571
772540
111770
301897
63343
197178
586060
452153
335357
316324
804164
434323
6298
216833
920425
584405
879708
941294
722903
876928
269814
248445
83810
763024
400831
200446
980273
944682
738980
431657
713752
575096
837210
763120
461341
887672
605608
292807
703262
925275
659765
213711
388304
866403
544837
390227
922553
426517
184840
157811
196654
950354
864692
901735
902980
105087
416788
717822
336465
534316
54399
861373
721484
439368
470946
750061
862063
817055
407206
2393
573813
1999
877764
365397
923375
236813
643526
413545
774812
224883
318892
585441
522224
8196
710155
465685
174053
56582
595987
216334
146865
154968
181362
715746
225091
531645
883025
272149
148035
683291
937629
745083
196631
521390
562914
529954
969800
789933
47820
139251
263875
185677
199165
48548
598480
249988
30557
66225
468344
895197
443424
732928
842938
378620
920601
160101
784452
643818
929633
276483
309503
211389
815988
667309
781106
220511
455606
62986
184821
797661
831742
62378
616622
660383
2806
860377
189910
751655
635906
590259
355238
744371
395086
388402
318692
455649
993701
442270
843496
567095
647207
92111
224306
559882
995579
522671
634788
442429
303877
703267
366449
673666
894961
12905
700332
666308
320125
421684
283063
392272
731431
190548
914877
906305
283767
798537
599624
54084
165177
209978
555400
237507
30763
653657
639319
872578
198455
801813
301087
94230
954233
608869
747403
337651
709853
98147
472879
657088
557921
69373
693004
30824
977150
40597
500863
444967
54889
735230
761665
248862
614540
78222
857784
131420
62212
974961
401903
80324
599996
112317
946968
855018
692468
643298
539062
829604
318579
895130
682928
543193
592801
175125
919749
932960
797449
339531
752947
19103
732327
37630
100125
761089
558367
446657
797907
911039
988684
872705
941344
952762
763481
808575
644
633929
834490
911625
725405
174063
580154
892981
820129
962441
674495
494032
254716
447753
940641
566982
859730
965240
634221
773263
548640
447298
122375
566976
107860
319919
850844
940051
303
400086
824654
871679
39276
278139
567130
546621
106959
494368
667512
185307
315314
800501
579185
763233
137171
934457
288546
987971
71353
630701
838804
649175
348114
38703
463487
860295
29765
328471
261216
770269
616261
24800
926301
39300
926661
530865
38976
744886
594744
376924
814584
412578
990693
961401
12815
550540
760669
939265
916055
407791
462195
956604
900219
673058
965668
130461
141907
484535
390965
529467
432500
430375
352960
923477
902813
185574
200935
239380
701180
52986
754217
485454
313363
954510
760044
388039
264423
353080
929505
622070
400704
176891
943571
310878
814337
64383
263585
420927
743184
151803
929226
783556
455896
184760
781856
738514
214762
950981
712262
813020
898289
903583
599220
425258
760974
372450
578915
332687
109451
945917
165152
433215
382242
445754
526421
571266
234582
415536
918250
200913
750289
195780
867926
114763
829421
468825
213555
959895
133466
622231
510535
931187
709059
401570
635923
857475
556749
101756
644816
877501
963070
980694
62715
40260
372202
669785
834012
458332
937749
102949
89102
92946
665681
889097
741254
856001
236232
112611
679267
476943
175567
262145
983065
501362
37279
360200
156769
863335
649293
394180
847415
705029
283502
834262
897367
504733
813472
364194
864626
118475
539824
948232
337577
40525
383379
10723
469406
44579
572943
814436
162246
380081
787592
89539
242283
867110
952586
587225
784422
558421
533556
510253
468731
118717
225336
707311
480804
708891
389865
108873
4263
956930
461805
129309
796052
547379
811032
663346
683776
67709
227949
864523
79235
12590
280531
109106
763430
266088
281294
421022
265708
956922
497903
161664
133334
313421
542852
973009
267682
32478
585690
803286
289331
720777
145521
341546
586791
166727
741988
340756
302156
558014
609745
118638
11917
272365
14403
991298
272256
538054
447205
516730
515565
85899
121185
203649
8537
895908
743338
775626
712066
279480
495319
171345
919343
831954
519455
208888
490891
240530
977367
245226
353929
539035
925244
221719
688352
163674
832829
202211
882711
82876
562435
882383
910986
349532
19807
577368
254590
655369
490415
879174
873877
854887
882762
516300
19614
970258
714562
944990
867226
888756
698130
854897
55263
820741
208101
81509
214431
598916
747599
383467
484645
68533
768234
165040
834965
143389
844803
502288
724881
583927
257351
766038
275334
191447
491233
725616
653953
906358
30090
264349
821395
248635
87148
741163
134310
645033
597031
592191
555312
450378
873246
982095
381502
889134
825803
186921
470439
718675
528899
918572
916123
147142
230387
985607
7400
426425
602726
525858
87359
584800
149400
543440
624664
963913
201275
636048
406399
581257
864130
608018
266876
851995
611613
130418
178012
872915
957117
731537
844239
296495
783593
179453
168559
804519
462055
752907
86230
328362
847577
987574
298720
457014
605786
231844
382914
924116
93414
749593
599230
671707
193194
166950
477162
751104
86426
775929
917892
240253
935747
579825
121033
432108
846214
993624
116147
780019
274497
797238
59612
473833
264043
280177
743503
64326
498299
513387
955583
253804
184592
337237
428074
827135
208043
964282
117819
710204
827862
61182
471535
311673
427676
796279
147267
629188
477004
617618
386766
82563
912788
460799
863415
674202
607866
676829
366454
870962
457560
217265
124615
551828
886030
517202
920961
472260
250837
76279
405549
958714
707122
953668
173712
965854
582120
265084
245119
204083
206178
298191
552401
776542
448254
47330
928037
652382
911847
809323
864290
347055
861587
979184
13404
380594
471209
337872
993883
441272
910398
933810
573552
694732
121000
125701
711261
347638
872354
476249
256434
400065
831002
964703
329346
502326
931794
420737
534842
969594
295413
172966
198395
301658
301613
652490
755739
5312
197945
95181
275985
123345
800531
545979
852974
636790
426450
84303
260786
826039
186524
561738
836680
751600
162858
171503
28396
246767
797199
853730
422616
202120
24192
881461
357517
465747
297906
969301
414748
383260
680454
899992
184759
858139
588345
973759
704347
825613
625163
551079
876352
202247
168473
581607
998885
698593
24319
290314
255043
363712
514474
126452
644002
368069
819579
671791
370462
325231
265588
451639
151845
403041
511431
495479
251246
581315
272570
53624
299040
675877
298133
92111
127180
167640
808560
60131
907585
450655
496213
952611
859669
844510
493156
875116
671953
604124
418308
159102
568789
203958
730459
572567
645677
373836
134110
324513
695221
720034
711880
371180
250700
277968
790226
997829
985341
11790
284479
771942
922771
101358
414702
742005
137747
838515
235636
190634
756174
92310
382022
341585
99506
596725
794814
167318
761066
764671
964343
847045
250399
338472
403213
484804
596701
949736
644754
412904
963454
580472
52081
778156
893832
992492
118342
136630
280031
423600
740479
467250
529568
236746
156844
355358
687765
752285
853265
94429
467954
193666
762664
107483
239624
533326
510092
399269
29585
38259
288045
716125
502377
483667
186194
712514
703504
328322
445164
701518
72751
626661
155744
501178
864679
90404
382946
479351
649556
506354
558558
146873
10352
667297
256362
552084
900063
79320
140941
289382
378513
971593
964008
150282
608908
553579
971442
317507
61807
39849
979736
530992
847814
694128
682305
839226
980143
31868
454123
390187
154407
364620
37401
213195
325283
69652
11554
96327
958408
324713
877414
473616
340704
560538
918712
702052
743476
552632
743066
230513
550002
899065
550237
941038
682993
612468
727170
377437
797127
692090
327356
667066
738074
835750
356276
688639
711728
901692
555250
442306
456066
336809
552704
637741
462886
550389
834948
231878
957837
131486
977746
19930
914527
883213
975526
411697
852126
878698
306803
209719
545778
131150
582389
546646
65237
14398
237263
136288
749568
270505
747425
646102
824353
297464
279874
308458
372736
422699
516805
853855
282772
37043
634417
471306
610945
789041
62215
779442
525312
520889
700442
726474
621667
265011
731299
927928
942198
414213
23860
198190
468535
128567
403094
935174
209696
148592
730171
577032
260330
447032
824238
565611
365779
570452
745096
123473
597891
97066
851736
679563
719101
368676
353422
963238
692235
542279
778062
627140
579576
50848
896805
756495
767155
762997
164374
775740
48823
487674
661345
72924
609585
982724
857636
128191
358769
295118
255696
54682
381016
85825
117412
238549
496696
573764
30494
199307
53238
870960
28125
882613
105000
774963
339893
344588
81690
534817
622563
190158
893957
713269
695978
187427
179707
30643
392399
195937
55763
994712
116849
918733
306933
196137
111529
16471
418143
380439
219145
806374
235191
795219
147979
109672
325806
855241
855797
808217
305088
868208
690202
324308
488018
420515
349793
547292
236634
34938
563502
696375
280585
881178
624726
231110
107160
645361
562404
199368
240531
146071
782918
347162
859817
922136
474727
905514
741731
811387
931892
216633
955926
489769
223153
264979
89810
46642
309984
738369
34482
934809
800067
460096
524561
52737
11859
905112
692070
291652
921459
41624
868182
611627
864734
924052
746488
598465
575654
304093
807611
497143
256071
23717
597357
917775
892663
107249
49225
766480
963529
279232
546993
466255
9935
100637
834209
201900
287957
37985
194831
748219
860287
558354
552852
422175
40212
777723
268673
837390
57798
281001
446072
433291
182566
479116
506051
201436
307438
271866
632430
637962
175515
844820
448973
713835
14233
144365
948939
573475
330732
947059
265353
747584
17725
467787
343922
897393
720986
135778
960383
495286
627521
508353
810230
390663
447771
289374
591146
910149
385714
72635
97069
997638
317456
740061
347748
912427
231950
410362
688745
172570
226714
455877
614237
755838
996922
383650
788595
52078
808030
311381
372614
698474
400077
359667
296383
223149
136060
529065
563190
372763
977324
533798
17453
106179
545616
623512
264598
498987
614501
640306
591904
222607
862074
430328
806715
836901
612412
257546
882091
866652
594977
51889
179795
519980
459186
164750
806709
950703
895607
801929
353087
166834
735769
457419
859759
43885
329325
480988
366212
414301
830301
378352
802666
873326
763446
564782
306599
766778
387183
71342
267842
807669
921436
137485
536235
906295
666601
714577
261957
92354
404207
651998
781042
857882
240291
740763
807224
856194
229303
849197
946128
654750
699334
101017
208956
158794
188743
418221
770223
397818
299749
779550
687689
598329
576316
229809
682562
854126
721679
16179
364147
249209
85097
224737
475506
988648
367941
943683
835342
949188
925978
289371
656178
74061
877723
597063
830064
205414
467980
700373
590393
272972
781215
501710
682075
238975
951146
970592
802174
837161
470954
297519
609264
937467
72778
178170
42125
318356
915650
106000
37054
735105
497809
110899
987936
435071
792302
597380
454340
689930
594095
807844
690327
490048
962355
964769
540242
277613
943394
330290
127683
482825
467702
262383
549951
671420
428828
844018
482677
311966
472300
814888
197950
527842
949603
344960
4161
711482
825187
654868
526895
547436
63767
610250
567605
815974
170677
195472
500425
330410
109786
206715
297357
499036
781517
595256
308207
296468
607732
638827
864027
879435
540792
522254
621462
688464
990838
968158
320246
639616
748341
274316
287290
929387
968238
486352
588111
51050
677492
462737
200050
852207
69632
273668
961572
850962
57879
716206
338080
572119
172695
725105
237067
364973
910118
112124
204054
20714
63982
376151
335658
520179
408150
292295
157236
411600
334133
610188
529979
643210
694992
470041
375924
157024
158139
79575
639250
187783
827720
785771
438366
5005
761466
922452
805660
786301
277433
718024
760428
416518
622813
107287
715387
270014
659990
507029
378285
452269
714281
487204
377541
552278
623311
797805
814435
688572
329736
396114
824309
519445
67005
959837
15301
931882
302158
868695
345590
323910
120122
790363
598709
751497
660741
816236
121390
723859
552802
558287
899531
99968
28531
740389
365267
364227
547602
595771
551748
540756
311392
816852
342107
143419
6289
894523
595255
852645
479067
431018
873504
60320
817871
413814
345647
30468
489126
497620
194037
186109
763654
57259
515297
951662
654581
146407
271717
655434
985104
525392
323996
228185
5940
605878
955887
821462
190299
501065
587433
13329
448491
367097
565857
969332
24740
874702
21808
782959
765600
959650
783555
232568
282319
966445
252840
360712
768789
921731
963480
606943
882215
952208
267477
706681
145391
796432
223223
206366
787497
950694
296566
239122
804556
236235
927860
155294
291231
478382
366772
708712
772387
547757
431477
762212
345843
229532
10039
894883
936999
258773
189123
868718
